Ind	Sex	Region	Haplogroup	Class	CNE	WBI	WE
POBI728755	M	Cumbria	I1	I1	0.52908	0.311289	0.159631
POBI728762	M	Cumbria	I1	I1	0.391754	0.427024	0.181222
POBI728776	M	Cumbria	G2a2b	G	0.150471	0.710013	0.139516
POBI728788	M	Cumbria	R1b1a2a1a2b	R-P312	0.273949	0.360797	0.365254
POBI728829	M	Cumbria	G2a2b	G	0.400641	0.551722	0.047637
POBI728838	M	Cumbria	R1b1a2a1a1	R-U106	0.517429	0.482561	0.00001
POBI728875	M	Cumbria	I2a1b2a	I2a1b	0.190258	0.424537	0.385205
POBI728878	M	Cumbria	R1b1a2a1a1	R-U106	0.300192	0.4032	0.296608
POBI728893	M	Cumbria	G2a2b	G	0.211709	0.584846	0.203445
POBI728902	M	Cumbria	R1b1a2a1a1	R-U106	0.344368	0.633925	0.021707
POBI728960	M	Cumbria	R1b1a2a1a2b	R-P312	0.564218	0.178276	0.257506
POBI728966	M	Cumbria	J2a1	J	0.383969	0.352831	0.2632
POBI728972	M	Cumbria	G2a2b	G	0.244878	0.559213	0.195909
POBI728978	M	Cumbria	I2a1b1	I2a1b	0.523946	0.408505	0.067548
POBI728989	M	Cumbria	R1b1a2a1a1	R-U106	0.157359	0.656808	0.185833
POBI729001	M	Cumbria	E1b1b1b1a1	E	0.269458	0.439198	0.291344
POBI729007	M	Cumbria	R1b1a2a1a1c2a1	R-U106	0.309557	0.24455	0.445894
POBI729080	M	Cumbria	R1b1a2a1a1	R-U106	0.290642	0.386827	0.322531
POBI729109	M	Cumbria	R1b1a2a1a1c2a1	R-U106	0.387823	0.269	0.343177
POBI729120	M	Cumbria	R1b1a2a1a1	R-U106	0.487869	0.459179	0.052952
POBI729123	M	Cumbria	R1b1a2a1a2c1a1a1a1	R-P312	0.357245	0.479631	0.163124
POBI729126	M	Cumbria	I2a1b1	I2a1b	0.066142	0.890875	0.042984
POBI729138	M	Cumbria	R1b1a2a1a2c1a1a1a1	R-P312	0.332965	0.514789	0.152246
POBI729149	M	Cumbria	R1b1a2a1a1	R-U106	0.00001	0.824905	0.175085
POBI729178	M	Cumbria	J2b2	J	0.317765	0.553287	0.128948
POBI729204	M	Cumbria	G2a2b	G	0.506276	0.382155	0.111569
POBI729210	M	Cumbria	J	J	0.541832	0.400666	0.057503
POBI729218	M	Cumbria	R1b1a2a1a1c2b1a1a	R-U106	0.499133	0.338931	0.161935
POBI729224	M	Cumbria	R1b1a2a1a2b	R-P312	0.192405	0.346219	0.461376
POBI729227	M	Cumbria	I1	I1	0.492297	0.430319	0.077383
POBI729257	M	Cumbria	R1b1a2a1a1	R-U106	0.207852	0.561641	0.230506
POBI729265	M	Cumbria	I2a1b1	I2a1b	0.327884	0.657178	0.014938
POBI729271	M	Cumbria	R1b1a2a1a1	R-U106	0.371664	0.555757	0.07258
POBI729285	M	Kent	E1b1b1b2a1a	E	0.645596	0.159233	0.195171
POBI729290	M	Kent	R1b1a2a1a1	R-U106	0.484137	0.287689	0.228174
POBI729294	M	Kent	G2a2b	G	0.498515	0.160911	0.340574
POBI729327	M	Kent	I2	I2	0.23991	0.516681	0.243409
POBI729338	M	Kent	R1b1a2a1a2d	R-P312	0.666071	0.00001	0.333919
POBI729344	M	Kent	I1	I1	0.484048	0.164848	0.351104
POBI729356	M	Kent	I1	I1	0.160052	0.336458	0.50349
POBI729362	M	Kent	R1b1a2a1a1	R-U106	0.511247	0.008185	0.480567
POBI729419	M	Kent	E1b1	E	0.46888	0.139051	0.392069
POBI729443	M	Norfolk	R1b1a2a1a2c1a1a1a1	R-P312	0.335795	0.134737	0.529469
POBI729447	M	Kent	R1b1a2a1a1	R-U106	0.589773	0.13833	0.271897
POBI729466	M	Kent	R1b1a2a1a1	R-U106	0.653431	0.092946	0.253623
POBI729474	M	Kent	I2a1b1	I2a1b	0.583939	0.321269	0.094792
POBI729493	M	Kent	J2b2	J	0.722387	0.061579	0.216033
POBI729497	M	Kent	I1	I1	0.536081	0.143902	0.320017
POBI729504	M	Kent	R1b1a2a1a1	R-U106	0.509127	0.068601	0.422272
POBI729521	M	Kent	R1b1a2a1a2d	R-P312	0.492626	0.188221	0.319153
POBI729536	M	Norfolk	I1	I1	0.473525	0.148222	0.378253
POBI729540	M	Kent	R1b1a2a1a2b	R-P312	0.178711	0.341087	0.480202
POBI729592	M	Kent	R1b1a2a1a1c2a1	R-U106	0.192456	0.636744	0.170799
POBI729615	M	Kent	I1	I1	0.40516	0.481119	0.113721
POBI729619	M	Kent	R1b1a2a1a2b	R-P312	0.590358	0.207907	0.201735
POBI729678	M	Lincolnshire	I2a1a1a	I2a1a	0.572515	0.27919	0.148295
POBI729698	M	Lincolnshire	R1b1a2a1a1	R-U106	0.433791	0.332453	0.233756
POBI729713	M	Lincolnshire	R1b1a2a1a1	R-U106	0.390011	0.263382	0.346607
POBI729725	M	Lincolnshire	I2a1b2a	I2a1b	0.476887	0.22928	0.293833
POBI729769	M	Lincolnshire	R1b1a2a1a1	R-U106	0.568627	0.184425	0.246949
POBI729772	M	Lincolnshire	R1a1a	R1a	0.583359	0.242568	0.174073
POBI729800	M	Lincolnshire	G2a2b	G	0.63123	0.250591	0.118178
POBI729809	M	Lincolnshire	R1b1a2a1a1	R-U106	0.569402	0.187131	0.243467
POBI729812	M	Lincolnshire	R1a1a	R1a	0.384253	0.327543	0.288204
POBI729868	M	Lincolnshire	I1	I1	0.518028	0.232876	0.249095
POBI729901	M	Lincolnshire	R1b1a2a1a2a1a1a1	R-P312	0.480615	0.205834	0.313552
POBI729904	M	Lincolnshire	R1a1a	R1a	0.462334	0.123823	0.413842
POBI729907	M	Lincolnshire	R1b1a2a1a1	R-U106	0.544411	0.219543	0.236046
POBI729937	M	NortheastEngland	R1b1a2a1a1	R-U106	0.329357	0.470379	0.200264
POBI729954	M	NortheastEngland	G2a2b	G	0.28049	0.495559	0.223951
POBI729973	M	NortheastEngland	I1	I1	0.335282	0.408396	0.256322
POBI729976	M	NortheastEngland	R1b1a2a1a1	R-U106	0.119044	0.695489	0.185467
POBI729990	M	NortheastEngland	I1	I1	0.488098	0.499831	0.012071
POBI729996	M	NortheastEngland	I1	I1	0.466978	0.503126	0.029895
POBI730013	M	NortheastEngland	R1b1a2a1a1	R-U106	0.213532	0.447	0.339468
POBI730021	M	NortheastEngland	I1	I1	0.513597	0.41083	0.075573
POBI730027	M	NortheastEngland	R1b1a2a1a1	R-U106	0.322128	0.586286	0.091587
POBI730033	M	NortheastEngland	R1b1a2a1a2b	R-P312	0.393028	0.337974	0.268998
POBI730035	M	NortheastEngland	R1b1a2a1a1	R-U106	0.117265	0.686357	0.196377
POBI730039	M	NortheastEngland	R1b1a2a1a1	R-U106	0.357563	0.642427	0.00001
POBI730097	M	NortheastEngland	I2a1b1	I2a1b	0.417544	0.463337	0.119119
POBI730105	M	NortheastEngland	I2	I2	0.305884	0.501328	0.192788
POBI730117	M	NortheastEngland	R1b1a2a1a1	R-U106	0.011226	0.531376	0.457398
POBI730132	M	NortheastEngland	R1b1a2a1a1	R-U106	0.474535	0.475399	0.050066
POBI730134	M	NortheastEngland	R1b1a2a1a1	R-U106	0.128619	0.688167	0.183215
POBI730138	M	NortheastEngland	J2b2	J	0.17602	0.453186	0.370794
POBI730142	M	NortheastEngland	R1b1a2a1a2b	R-P312	0.335949	0.365017	0.299035
POBI730150	M	NortheastEngland	I2	I2	0.129075	0.64827	0.222655
POBI730160	M	NortheastEngland	J2b2	J	0.221457	0.489732	0.288811
POBI730179	M	NortheastEngland	R1a1a	R1a	0.417112	0.582878	0.00001
POBI730201	M	NortheastEngland	R1b1a2a1a1	R-U106	0.347934	0.394055	0.258011
POBI730215	M	NortheastEngland	R1b1a2a1a1	R-U106	0.32532	0.587136	0.087544
POBI730248	M	NortheastEngland	R1b1a2a1a1	R-U106	0.416025	0.583965	0.00001
POBI730267	M	NortheastEngland	I1	I1	0.512348	0.435468	0.052184
POBI730273	M	NortheastEngland	I1	I1	0.329505	0.563027	0.107468
POBI730277	M	NortheastEngland	J2a1	J	0.593167	0.372842	0.033991
POBI730289	M	NortheastEngland	I1	I1	0.336561	0.32891	0.33453
POBI730302	M	NortheastEngland	R1b1a2a1a1c2a1	R-U106	0.072946	0.839553	0.087501
POBI730318	M	Oxfordshire	I1	I1	0.516328	0.206623	0.277048
POBI730334	M	Oxfordshire	R1b1a2a1a2b	R-P312	0.734975	0.181586	0.083439
POBI730340	M	Oxfordshire	R1b1a2a1a2b	R-P312	0.458301	0.111381	0.430318
POBI730352	M	Oxfordshire	R1b1a2a1a1	R-U106	0.585894	0.311615	0.102491
POBI730354	M	Oxfordshire	I2a1b2a	I2a1b	0.496674	0.28989	0.213436
POBI730386	M	Oxfordshire	I2a1b2a	I2a1b	0.808234	0.185404	0.006361
POBI730394	M	Oxfordshire	I2a1b1	I2a1b	0.402695	0.237255	0.36005
POBI730400	M	Oxfordshire	R1b1a2a1a1	R-U106	0.529015	0.234332	0.236653
POBI730421	M	Oxfordshire	R1b1a2a1a2b	R-P312	0.388204	0.293378	0.318418
POBI730431	M	Oxfordshire	R1b1a2a1a1	R-U106	0.442708	0.059911	0.497381
POBI730433	M	Oxfordshire	R1b1a2a1a2b	R-P312	0.4841	0.261769	0.254131
POBI730441	M	Oxfordshire	R1b1a2a1a1	R-U106	0.515695	0.208756	0.27555
POBI730469	M	Oxfordshire	R1b1a2a1a1	R-U106	0.324369	0.357789	0.317842
POBI730473	M	Oxfordshire	I1	I1	0.586182	0.367223	0.046595
POBI730489	M	Oxfordshire	I1	I1	0.6652	0.179998	0.154802
POBI730513	M	Yorkshire	I1	I1	0.363436	0.594194	0.04237
POBI730521	M	Yorkshire	I2a1b1	I2a1b	0.611308	0.157697	0.230995
POBI730528	M	Yorkshire	R1b1a2a1a1	R-U106	0.408915	0.532158	0.058927
POBI730542	M	Yorkshire	I1	I1	0.426217	0.528527	0.045256
POBI730558	M	Yorkshire	I1	I1	0.159777	0.584032	0.25619
POBI730560	M	Yorkshire	I1	I1	0.564804	0.276565	0.158632
POBI730566	M	Yorkshire	R1b1a2a1a1	R-U106	0.552282	0.33582	0.111898
POBI730576	M	Yorkshire	I1	I1	0.54615	0.318477	0.135373
POBI730580	M	Yorkshire	R1b1a2a1a1	R-U106	0.303908	0.543179	0.152913
POBI730582	M	Yorkshire	R1b1a2a1a1	R-U106	0.607798	0.392192	0.00001
POBI730592	M	Yorkshire	R1b1a2a1a2b	R-P312	0.432216	0.414951	0.152832
POBI730602	M	Yorkshire	I1	I1	0.441318	0.462614	0.096068
POBI730604	M	Yorkshire	G2a2b	G	0.339726	0.402604	0.257669
POBI730606	M	Yorkshire	R1a1a	R1a	0.686873	0.278685	0.034442
POBI730612	M	Yorkshire	I2a1b2a	I2a1b	0.496014	0.172153	0.331833
POBI730614	M	Yorkshire	R1a1a	R1a	0.400089	0.287467	0.312444
POBI730616	M	Yorkshire	R1b1a2a1a1c2a1	R-U106	0.416755	0.495175	0.088069
POBI730620	M	Yorkshire	R1b1a2a1a2c1a1a1a1	R-P312	0.298164	0.587299	0.114537
POBI730647	M	Yorkshire	I2a1b1	I2a1b	0.468013	0.531977	0.00001
POBI730657	M	Yorkshire	R1b1a2a1a2b	R-P312	0.628118	0.217955	0.153926
POBI730659	M	Yorkshire	R1b1a2a1a1	R-U106	0.502793	0.234781	0.262426
POBI730679	M	Yorkshire	R1b1a2a1a2c1a1a1a1	R-P312	0.309257	0.309429	0.381315
POBI730685	M	Yorkshire	R1b1a2a1a2b	R-P312	0.601296	0.08364	0.315064
POBI730693	M	Yorkshire	I1	I1	0.584298	0.040345	0.375357
POBI730707	M	Cheshire	R1b1a2a1a1c2a1	R-U106	0.545262	0.198461	0.256277
POBI730721	M	Cheshire	R1b1a2a1a2b	R-P312	0.368509	0.261449	0.370041
POBI730727	M	Cheshire	R1b1a2a1a1	R-U106	0.453913	0.05237	0.493717
POBI730740	M	Northamptonshire	G2a2b1a1a	G	0.576182	0.410115	0.013703
POBI730750	M	Cheshire	R1b1a2a1a2b	R-P312	0.383648	0.251826	0.364527
POBI730760	M	Northamptonshire	R1b1a2a1a2b	R-P312	0.412265	0.165729	0.422007
POBI730766	M	Northamptonshire	R1b1a2a1a1	R-U106	0.650439	0.00001	0.349551
POBI730770	M	Cheshire	R1b1a2a1a1c2a1	R-U106	0.308672	0.691318	0.00001
POBI730793	M	Cheshire	R1a1a	R1a	0.255781	0.744209	0.00001
POBI730799	M	Cheshire	R1b1a2a1a2b	R-P312	0.233695	0.524973	0.241332
POBI730803	M	Cheshire	R1b1a2a1a1c2b1a1a	R-U106	0.416712	0.210583	0.372704
POBI730805	M	Northamptonshire	I1	I1	0.385488	0.282235	0.332277
POBI730810	M	Northamptonshire	R1b1a2a1a1c2a1	R-U106	0.381952	0.192506	0.425542
POBI730814	M	Cheshire	I1	I1	0.462653	0.01708	0.520266
POBI730816	M	Cheshire	R1b1a2a1a1	R-U106	0.106814	0.610693	0.282493
POBI730818	M	Cheshire	I1	I1	0.582964	0.394372	0.022664
POBI730836	M	Northamptonshire	I1	I1	0.470704	0.137645	0.391651
POBI730845	M	Cheshire	R1b1a2a1a1	R-U106	0.284851	0.650923	0.064226
POBI730857	M	Northamptonshire	R1a1a	R1a	0.498112	0.355739	0.146149
POBI730875	M	Northamptonshire	I2a1b1	I2a1b	0.375866	0.085239	0.538895
POBI730884	M	Herefordshire	R1b1a2a1a1	R-U106	0.32004	0.571126	0.108834
POBI730890	M	Leicestershire	I1	I1	0.65301	0.34698	0.00001
POBI730894	M	Leicestershire	R1b1a2a1a1	R-U106	0.626731	0.164044	0.209225
POBI730908	M	Herefordshire	R1b1a2a1a1	R-U106	0.408309	0.446171	0.14552
POBI730916	M	Leicestershire	R1b1a2a1a2b	R-P312	0.337751	0.498231	0.164018
POBI730921	M	Leicestershire	I2a1b2a	I2a1b	0.631079	0.335628	0.033293
POBI730923	M	Leicestershire	R1b1a2a1a1c2a1	R-U106	0.608444	0.259481	0.132075
POBI730927	M	Leicestershire	J2a1	J	0.642955	0.212064	0.144982
POBI730939	M	Leicestershire	I1	I1	0.474071	0.262509	0.263419
POBI730951	M	Leicestershire	R1b1a2a1a2b	R-P312	0.38201	0.392465	0.225525
POBI730964	M	Leicestershire	R1b1a2a1a1c2a1	R-U106	0.312455	0.289436	0.398109
POBI730966	M	Leicestershire	I2	I2	0.485217	0.113817	0.400966
POBI730970	M	Leicestershire	R1b1a2a1a1c2b1	R-U106	0.651091	0.140033	0.208876
POBI730978	M	Herefordshire	I2a1b1	I2a1b	0.259983	0.333253	0.406763
POBI731003	M	Herefordshire	R1b1a2a1a1	R-U106	0.218999	0.46432	0.316681
POBI731021	M	Leicestershire	R1b1a2a1a1	R-U106	0.414537	0.14374	0.441723
POBI731022	M	Leicestershire	I1	I1	0.414748	0.349984	0.235268
POBI731026	M	Herefordshire	R1b1a2a1a1	R-U106	0.268325	0.26829	0.463385
POBI731052	M	Herefordshire	I2	I2	0.13434	0.627945	0.237714
POBI731054	M	Leicestershire	R1b1a2a1a2b	R-P312	0.477302	0.246882	0.275815
POBI731060	M	Leicestershire	R1b1a2a1a1	R-U106	0.559973	0.202933	0.237094
POBI731062	M	Leicestershire	R1b1a2a1a1	R-U106	0.299112	0.206091	0.494797
POBI731083	M	Gloucestershire	I1	I1	0.246114	0.627528	0.126359
POBI731087	M	Hampshire	I2	I2	0.352626	0.192427	0.454948
POBI731096	M	ForestofDean	R1b1a2a1a2b	R-P312	0.312391	0.247214	0.440395
POBI731121	M	ForestofDean	R1b1a2a1a2b	R-P312	0.760889	0.239101	0.00001
POBI731129	M	Gloucestershire	R1b1a2a1a1	R-U106	0.639307	0.021241	0.339452
POBI731133	M	Hampshire	I1	I1	0.503235	0.215101	0.281664
POBI731135	M	Hampshire	I1	I1	0.543411	0.145523	0.311066
POBI731137	M	Hampshire	I1	I1	0.364093	0.42332	0.212587
POBI731143	M	ForestofDean	I1	I1	0.44467	0.55532	0.00001
POBI731152	M	Gloucestershire	R1a1a	R1a	0.412488	0.287046	0.300466
POBI731154	M	Gloucestershire	I2a1b1	I2a1b	0.512197	0.154613	0.333191
POBI731168	M	ForestofDean	R1a1a	R1a	0.27864	0.540171	0.181189
POBI731170	M	ForestofDean	R1b1a2a1a1	R-U106	0.264507	0.591243	0.14425
POBI731174	M	Gloucestershire	I2a1b1	I2a1b	0.394194	0.083927	0.521879
POBI731185	M	Hampshire	R1b1a2a1a1c2b1a1a1a	R-U106	0.572832	0.206475	0.220692
POBI731207	M	Hampshire	I1	I1	0.477236	0.236085	0.286679
POBI731211	M	ForestofDean	R1b1a2a1a1	R-U106	0.664323	0.273946	0.061731
POBI731213	M	ForestofDean	I1	I1	0.336745	0.44863	0.214625
POBI731220	M	Gloucestershire	R1b1a2a1a1	R-U106	0.611763	0.254899	0.133338
POBI731246	M	Gloucestershire	I2a1b1	I2a1b	0.328813	0.459414	0.211773
POBI731248	M	Hampshire	R1b1a2a1a1	R-U106	0.368126	0.303053	0.328821
POBI731251	M	Hampshire	J2b2	J	0.43459	0.220845	0.344565
POBI731277	M	Nottinghamshire	E1b1b1b1	E	0.503306	0.372916	0.123778
POBI731287	M	Nottinghamshire	R1b1a2a1a1	R-U106	0.484505	0.287501	0.227994
POBI731297	M	Nottinghamshire	I1	I1	0.464698	0.192428	0.342875
POBI731299	M	Nottinghamshire	R1b1a2a1a1c2b1a	R-U106	0.3796	0.235098	0.385302
POBI731301	M	Nottinghamshire	I2a1a1a	I2a1a	0.319735	0.130951	0.549314
POBI731319	M	Nottinghamshire	I2a1b1	I2a1b	0.646962	0.148225	0.204813
POBI731329	M	Cumbria	R1b1a2a1a2b	R-P312	0.462945	0.537045	0.00001
POBI731339	M	Nottinghamshire	I1	I1	0.477739	0.348307	0.173954
POBI731343	M	Nottinghamshire	E1b1	E	0.33015	0.139211	0.530639
POBI731345	M	Nottinghamshire	R1b1a2a1a1	R-U106	0.370631	0.272752	0.356617
POBI731349	M	Nottinghamshire	R1b1a2a1a1c2a1	R-U106	0.337772	0.177898	0.48433
POBI731375	M	Nottinghamshire	R1b1a2a1a1	R-U106	0.562348	0.31862	0.119032
POBI731391	M	Nottinghamshire	I1	I1	0.505855	0.169975	0.32417
POBI731397	M	Nottinghamshire	I1	I1	0.469315	0.111442	0.419243
POBI731448	M	Dorset	I1	I1	0.672654	0.038859	0.288487
POBI731454	M	Dorset	R1b1a2a1a1	R-U106	0.48039	0.062293	0.457316
POBI731462	M	Yorkshire	I1	I1	0.482669	0.354123	0.163208
POBI731479	M	Dorset	I1	I1	0.27807	0.282627	0.439303
POBI731512	M	Yorkshire	I1	I1	0.561641	0.438349	0.00001
POBI731522	M	Dorset	R1b1a2a1a1	R-U106	0.510404	0.097074	0.392522
POBI731524	M	Dorset	N1c1	N	0.519547	0.074312	0.40614
POBI731528	M	Dorset	R1b1a2a1a1	R-U106	0.411091	0.328309	0.260601
POBI731547	M	Dorset	R1b1a2a1a1c2a1	R-U106	0.206244	0.314835	0.478921
POBI731551	M	Dorset	I2a1b1	I2a1b	0.345035	0.24947	0.405495
POBI731557	M	Yorkshire	R1b1a2a1a1c2a1	R-U106	0.385369	0.175496	0.439135
POBI731563	M	Yorkshire	R1b1a2a1a2b	R-P312	0.472796	0.392885	0.13432
POBI731567	M	Dorset	R1b1a2a1a1	R-U106	0.533369	0.193129	0.273502
POBI731572	M	Dorset	I1	I1	0.519452	0.20645	0.274098
POBI731573	M	Dorset	I2a1b2a	I2a1b	0.368119	0.373863	0.258017
POBI731598	M	Yorkshire	I2	I2	0.278147	0.499665	0.222187
POBI731602	M	Yorkshire	R1b1a2a1a1	R-U106	0.404651	0.265379	0.329969
POBI731616	M	Dorset	J2a1	J	0.336886	0.428945	0.234169
POBI731620	M	Yorkshire	I2a1b1	I2a1b	0.29512	0.332166	0.372714
POBI731663	M	Lincolnshire	I1	I1	0.515292	0.237075	0.247633
POBI731676	M	Sussex	I1	I1	0.5045	0.149537	0.345962
POBI731680	M	Sussex	I1	I1	0.734009	0.205785	0.060206
POBI731701	M	Sussex	I1	I1	0.294016	0.26683	0.439153
POBI731703	M	Sussex	G2a2b	G	0.387299	0.332095	0.280606
POBI731707	M	Lincolnshire	R1a1a	R1a	0.542322	0.351963	0.105714
POBI731715	M	Sussex	R1a1a	R1a	0.467584	0.241407	0.291009
POBI731733	M	Sussex	E1b1b1b2a1a	E	0.416574	0.131414	0.452012
POBI731751	M	BanffandBuchan	R1b1a2a1a2c1a1a1a1	R-P312	0.00001	0.99998	0.00001
POBI731761	M	Sussex	R1b1a2a1a1	R-U106	0.341576	0.17305	0.485374
POBI731763	M	Sussex	R1b1a2a1a1	R-U106	0.409637	0.273033	0.317331
POBI731768	M	Sussex	R1b1a2a1a1	R-U106	0.47761	0.227204	0.295186
POBI731770	M	Sussex	I2a1b1	I2a1b	0.217992	0.22004	0.561967
POBI731772	M	Sussex	R1b1a2a1a1	R-U106	0.441359	0.309827	0.248814
POBI731778	M	Lincolnshire	E1b1	E	0.274432	0.285394	0.440174
POBI731782	M	Sussex	R1b1a2a1a1	R-U106	0.471567	0.419423	0.109011
POBI731790	M	Sussex	R1b1a2a1a1	R-U106	0.506226	0.201846	0.291928
POBI731792	M	Sussex	I1	I1	0.567598	0.23407	0.198332
POBI731802	M	Lincolnshire	R1b1a2a1a1	R-U106	0.287416	0.198847	0.513736
POBI731808	M	Sussex	R1b1a2a1a2b	R-P312	0.46806	0.26328	0.26866
POBI731823	M	Norfolk	I1	I1	0.501739	0.183974	0.314287
POBI731827	M	Norfolk	R1b1a2a1a2b	R-P312	0.558022	0.175845	0.266133
POBI731829	M	Norfolk	J2b2	J	0.443162	0.404958	0.151881
POBI731850	M	Norfolk	J2a1h2a1	J	0.454651	0.121201	0.424148
POBI731874	M	Norfolk	R1b1a2a1a2b	R-P312	0.572344	0.170825	0.256831
POBI731878	M	Lancashire	R1b1a2a1a1	R-U106	0.513415	0.419657	0.066928
POBI731897	M	Norfolk	R1b1a2a1a1	R-U106	0.333272	0.21757	0.449158
POBI731917	M	Norfolk	R1b1a2a1a1	R-U106	0.456528	0.086793	0.456679
POBI731921	M	Norfolk	R1b1a2a1a1	R-U106	0.778001	0.010405	0.211594
POBI731926	M	Lancashire	E	E	0.551182	0.448808	0.00001
POBI731930	M	Worcestershire	R1b1a2a1a2c1a1a1a1	R-P312	0.402747	0.532697	0.064555
POBI731932	M	Worcestershire	R1b1a2a1a2b	R-P312	0.249798	0.211234	0.538968
POBI731934	M	Worcestershire	I1	I1	0.550304	0.108496	0.3412
POBI731950	M	Lancashire	R1b1a2a1a1	R-U106	0.572105	0.427885	0.00001
POBI731967	M	Norfolk	R1b1a2a1a1c2a1	R-U106	0.543665	0.167067	0.289268
POBI731971	M	Lancashire	R1b1a2a1a1	R-U106	0.532636	0.380487	0.086878
POBI731973	M	Lancashire	R1b1a2a1a1	R-U106	0.366161	0.45793	0.175909
POBI731981	M	Worcestershire	R1b1a2a1a1c2b1	R-U106	0.595783	0.220427	0.18379
POBI731990	M	Norfolk	R1b1a2a1a1	R-U106	0.29291	0.173991	0.533099
POBI731992	M	Lancashire	J2a1	J	0.457223	0.541676	0.001101
POBI732010	M	Devon	J2b2	J	0.377277	0.22493	0.397793
POBI732014	M	Devon	R1b1a2a1a1	R-U106	0.500844	0.290919	0.208237
POBI732016	M	Devon	R1b1a2a1a1	R-U106	0.365057	0.318626	0.316317
POBI732034	M	Devon	R1b1a2a1a1	R-U106	0.371572	0.313258	0.31517
POBI732037	M	Devon	R1b1a2a1a1	R-U106	0.243255	0.431138	0.325607
POBI732041	M	Devon	J2	J	0.307057	0.239554	0.45339
POBI732051	M	NortheastEngland	R1b1a2a1a1c2b1	R-U106	0.322078	0.677912	0.00001
POBI732082	M	Devon	R1b1a2a1a1	R-U106	0.413433	0.372611	0.213956
POBI732100	M	SouthPembrokeshire	R1b1a2a1a1	R-U106	0.00001	0.99998	0.00001
POBI732106	M	Devon	R1b1a2a1a1	R-U106	0.429832	0.396948	0.17322
POBI732109	M	Devon	I1	I1	0.405455	0.594535	0.00001
POBI732113	M	Devon	I2a1b1	I2a1b	0.440049	0.298823	0.261127
POBI732117	M	Devon	I2a1b1	I2a1b	0.412388	0.195839	0.391773
POBI732125	M	SouthPembrokeshire	R1b1a2a1a1	R-U106	0.00001	0.99998	0.00001
POBI732129	M	Devon	E1b1	E	0.387074	0.334923	0.278004
POBI732133	M	Devon	J2b2	J	0.256056	0.204522	0.539421
POBI732158	M	Devon	R1b1a2a1a1	R-U106	0.393539	0.260033	0.346428
POBI732160	M	Devon	I2a1b1	I2a1b	0.271935	0.492291	0.235774
POBI732164	M	Devon	R1b1a2a1a2b	R-P312	0.40436	0.090996	0.504644
POBI732170	M	SouthPembrokeshire	J2b2	J	0.00001	0.99998	0.00001
POBI732183	M	Devon	R1b1a2a1a2b	R-P312	0.50462	0.120707	0.374673
POBI732187	M	Devon	I1	I1	0.511657	0.290027	0.198315
POBI732196	M	Cornwall	I2a1b2a	I2a1b	0.319005	0.457069	0.223926
POBI732206	M	Cornwall	I1	I1	0.262483	0.366262	0.371254
POBI732319	M	Cornwall	I2a1b1	I2a1b	0.350939	0.391529	0.257532
POBI732346	M	Cornwall	R1b1a2a1a1	R-U106	0.204686	0.342851	0.452464
POBI732356	M	NorthWales	R1b1a2a1a1c2a1	R-U106	0.00001	0.99998	0.00001
POBI732385	M	ArgyleandBute	R1b1a2a1a1	R-U106	0.00001	0.99998	0.00001
POBI732395	M	BanffandBuchan	I1	I1	0.00001	0.99998	0.00001
POBI732396	M	ArgyleandBute	R1a1a	R1a	0.00001	0.99998	0.00001
POBI732401	M	NorthPembrokeshire	I1	I1	0.00001	0.99998	0.00001
POBI732404	M	BanffandBuchan	I1	I1	0.00001	0.99998	0.00001
POBI732412	M	NorthPembrokeshire	I2a1b2a	I2a1b	0.00001	0.99998	0.00001
POBI732414	M	NorthPembrokeshire	R1b1a2a1a2b	R-P312	0.00001	0.99998	0.00001
POBI732424	M	NorthPembrokeshire	R1b1a2a1a1	R-U106	0.00001	0.99998	0.00001
POBI732432	M	ArgyleandBute	R1b1a2a1a1c2a1	R-U106	0.00001	0.99998	0.00001
POBI732440	M	BanffandBuchan	I1	I1	0.00001	0.99998	0.00001
POBI732441	M	BanffandBuchan	R1b1a2a1a2c1a1a1a1	R-P312	0.00001	0.99998	0.00001
POBI732442	M	BanffandBuchan	R1b1a2a1a1	R-U106	0.00001	0.99998	0.00001
POBI732453	M	BanffandBuchan	R1b1a2a1a2c1a1a1a1	R-P312	0.00001	0.99998	0.00001
POBI732464	M	BanffandBuchan	R1a1a	R1a	0.00001	0.99998	0.00001
POBI732484	M	NorthernIreland	G2a2b	G	0.00001	0.99998	0.00001
POBI732493	M	NorthernIreland	R1b1a2a1a1	R-U106	0.00001	0.99998	0.00001
POBI732522	M	NorthernIreland	R1b1a2a1a2c1a1a1a1	R-P312	0.00001	0.99998	0.00001
POBI732526	M	ArgyleandBute	R1b1a2a1a1	R-U106	0.00001	0.99998	0.00001
POBI732532	M	NorthernIreland	R1b1a2a1a1	R-U106	0.00001	0.99998	0.00001
POBI732538	M	ArgyleandBute	I1	I1	0.00001	0.99998	0.00001
POBI732556	M	NorthernIreland	I2a1b1	I2a1b	0.00001	0.99998	0.00001
POBI732561	M	ArgyleandBute	R1b1a2a1a2c1a1a1a1	R-P312	0.00001	0.99998	0.00001
POBI732569	M	NorthernIreland	G2a2b	G	0.00001	0.99998	0.00001
POBI732674	M	Suffolk	R1b1a2a1a1c2b1	R-U106	0.498018	0.277704	0.224278
POBI732677	M	Suffolk	G2a2b2a1a1a1	G	0.233187	0.270789	0.496024
POBI732678	M	Suffolk	I2a1b1	I2a1b	0.424734	0.334674	0.240591
POBI732682	M	Suffolk	I2a1b1	I2a1b	0.50737	0.345854	0.146776
POBI732683	M	Suffolk	I1	I1	0.409718	0.305952	0.284329
POBI732690	M	Suffolk	R1b1a2a1a2b	R-P312	0.408592	0.450969	0.140438
POBI732700	M	Suffolk	R1a1a	R1a	0.468658	0.052084	0.479257
POBI732703	M	Suffolk	R1a1a	R1a	0.905232	0.094758	0.00001
POBI732704	M	Suffolk	I1	I1	0.28211	0.249468	0.468422
POBI732712	M	Suffolk	R1b1a2a1a1	R-U106	0.401596	0.022085	0.576319
POBI732714	M	Suffolk	R1b1a2a1a1	R-U106	0.548677	0.025755	0.425569
POBI732715	M	Suffolk	I2	I2	0.5639	0.063621	0.372479
POBI732717	M	Suffolk	R1b1a2a1a1	R-U106	0.454414	0.213674	0.331912
POBI732718	M	Suffolk	I1	I1	0.246444	0.165683	0.587872
POBI732720	M	Norfolk	I1	I1	0.367789	0.132793	0.499418
POBI732725	M	Suffolk	R1b1a2a1a1c2b1	R-U106	0.30015	0.412592	0.287258
POBI732732	M	Norfolk	I1	I1	0.556094	0.035141	0.408766
POBI732738	M	Suffolk	I1	I1	0.515262	0.344988	0.13975
POBI732739	M	Suffolk	J2b	J	0.550837	0.00001	0.449153
POBI732744	M	Norfolk	R1b1a2a1a1	R-U106	0.538355	0.192509	0.269136
POBI732747	M	Suffolk	R1a1a	R1a	0.33213	0.259461	0.408409
POBI732748	M	Suffolk	R1b1a2a1a2c1a1a1a1	R-P312	0.481757	0.136131	0.382111
POBI732754	M	Suffolk	R1b1a2a1a1c2b1a1a1a	R-U106	0.383818	0.035425	0.580757
POBI732760	M	Suffolk	R1b1a2a1a1	R-U106	0.412476	0.124958	0.462566
POBI732771	M	Norfolk	E1b1	E	0.661761	0.1726	0.16564
POBI732782	M	Norfolk	I1	I1	0.469736	0.117195	0.413069
POBI732789	M	Oxfordshire	I1	I1	0.479872	0.00925	0.510878
POBI732791	M	BanffandBuchan	I1	I1	0.00001	0.99998	0.00001
POBI732795	M	Norfolk	R1b1a2a1a2b	R-P312	0.507101	0.013705	0.479193
POBI732801	M	Oxfordshire	R1b1a2a1a1	R-U106	0.428948	0.416679	0.154373
POBI732803	M	BanffandBuchan	I2a1b2a	I2a1b	0.00001	0.99998	0.00001
POBI732812	M	Oxfordshire	I1	I1	0.363857	0.275468	0.360675
POBI732827	M	BanffandBuchan	I2	I2	0.00001	0.99998	0.00001
POBI732841	M	Norfolk	R1b1a2a1a1	R-U106	0.462806	0.152327	0.384867
POBI732849	M	BanffandBuchan	I1	I1	0.00001	0.99998	0.00001
POBI732870	M	Yorkshire	E1b1	E	0.338612	0.355956	0.305433
POBI732873	M	Oxfordshire	I1	I1	0.454884	0.306539	0.238576
POBI732879	M	Yorkshire	J2a1h2a1	J	0.252868	0.450161	0.296971
POBI732881	M	Yorkshire	R1b1a2a1a1	R-U106	0.390212	0.373462	0.236326
POBI732894	M	Yorkshire	R1b1a2a1a1	R-U106	0.684375	0.094851	0.220774
POBI732900	M	Yorkshire	I1	I1	0.392771	0.273423	0.333806
POBI732901	M	Yorkshire	I2a1b1	I2a1b	0.820943	0.179047	0.00001
POBI732902	M	Yorkshire	R1b1a2a1a2b	R-P312	0.403448	0.409911	0.186641
POBI732905	M	Yorkshire	R1b1a2a1a2c1a1a1a1	R-P312	0.612873	0.311244	0.075883
POBI732906	M	Yorkshire	I2a1b1	I2a1b	0.333735	0.363536	0.302729
POBI732911	M	Oxfordshire	R1b1a2a1a1	R-U106	0.390366	0.232895	0.376738
POBI732918	M	Yorkshire	I2a1b1	I2a1b	0.482861	0.372795	0.144345
POBI732926	M	Yorkshire	R1b1a2a1a1	R-U106	0.187663	0.480774	0.331563
POBI732936	M	Yorkshire	E1b1b1b1a1	E	0.399159	0.222313	0.378528
POBI732937	M	Yorkshire	G2a2b	G	0.566945	0.242139	0.190917
POBI732942	M	Yorkshire	I1	I1	0.394292	0.369446	0.236262
POBI732949	M	Yorkshire	R1b1a2a1a1	R-U106	0.545014	0.287101	0.167886
POBI732952	M	Yorkshire	J2a1b1	J	0.253002	0.577811	0.169187
POBI732954	M	Yorkshire	I2a1b1	I2a1b	0.151683	0.510901	0.337416
POBI732962	M	Cumbria	J2a1h2a1	J	0.203833	0.715832	0.080335
POBI732964	M	Cumbria	R1b1a2a1a1	R-U106	0.323294	0.676696	0.00001
POBI732966	M	Cumbria	R1b1a2a1a2b	R-P312	0.537142	0.462848	0.00001
POBI732973	M	Cumbria	R1b1a2a1a1	R-U106	0.327645	0.517469	0.154886
POBI732974	M	Cumbria	R1b1a2a1a2b	R-P312	0.178823	0.522064	0.299114
POBI732975	M	Cumbria	J2a1h2a1	J	0.244036	0.540958	0.215006
POBI732976	M	Cumbria	I1	I1	0.310638	0.656468	0.032894
POBI732980	M	Cumbria	I2	I2	0.00001	0.745828	0.254162
POBI732985	M	Cumbria	I1	I1	0.421116	0.313867	0.265017
POBI732989	M	Cumbria	R1b1a2a1a1	R-U106	0.345067	0.456666	0.198267
POBI732990	M	Cumbria	R1b1a2a1a2b	R-P312	0.46628	0.50555	0.02817
POBI732992	M	Cumbria	R1b1a2a1a1c2b1a	R-U106	0.31663	0.595408	0.087962
POBI733014	M	Cumbria	I2	I2	0.381692	0.388749	0.229559
POBI733018	M	Leicestershire	R1b1a2a1a2b	R-P312	0.226443	0.253659	0.519898
POBI733019	M	Leicestershire	R1b1a2a1a2b	R-P312	0.567886	0.270749	0.161365
POBI733032	M	Cumbria	R1b1a2a1a1	R-U106	0.318077	0.66178	0.020143
POBI733036	M	Cumbria	I2a1b1	I2a1b	0.662556	0.337434	0.00001
POBI733041	M	Leicestershire	R1b1a2a1a1c2a1	R-U106	0.266955	0.471879	0.261166
POBI733042	M	Leicestershire	R1a1a	R1a	0.60178	0.237455	0.160766
POBI733046	M	Cumbria	R1b1a2a1a1	R-U106	0.508102	0.467017	0.024881
POBI733051	M	Cumbria	R1b1a2a1a1	R-U106	0.400403	0.582462	0.017135
POBI733053	M	Leicestershire	I1	I1	0.391316	0.063825	0.54486
POBI733060	M	Lincolnshire	G2a2b	G	0.457977	0.212874	0.329149
POBI733064	M	Lincolnshire	R1a1a	R1a	0.576745	0.18138	0.241875
POBI733071	M	Lincolnshire	R1b1a2a1a1	R-U106	0.446475	0.142819	0.410707
POBI733072	M	Lincolnshire	R1b1a2a1a1	R-U106	0.417389	0.228551	0.354059
POBI733075	M	Lincolnshire	I2a1b2a	I2a1b	0.32096	0.072226	0.606814
POBI733077	M	Lincolnshire	R1b1a2a1a1	R-U106	0.450463	0.170247	0.37929
POBI733078	M	Lincolnshire	I1	I1	0.293578	0.34174	0.364681
POBI733087	M	Lincolnshire	R1b1a2a1a1	R-U106	0.607546	0.208499	0.183955
POBI733089	M	Lincolnshire	R1b1a2a1a1	R-U106	0.341386	0.255245	0.403369
POBI733090	M	Nottinghamshire	R1b1a2a1a1	R-U106	0.146084	0.447393	0.406523
POBI733091	M	Nottinghamshire	R1b1a2a1a1	R-U106	0.47848	0.228365	0.293155
POBI733108	M	Lincolnshire	R1b1a2a1a1	R-U106	0.238028	0.229116	0.532857
POBI733119	M	Lincolnshire	I2a1b1	I2a1b	0.4824	0.144642	0.372958
POBI733141	M	ForestofDean	I1	I1	0.589493	0.333899	0.076608
POBI733165	M	NortheastEngland	R1b1a2a1a1c2b1	R-U106	0.435123	0.528651	0.036226
POBI733166	M	NortheastEngland	R1b1a2a1a2b	R-P312	0.32177	0.674322	0.003908
POBI733167	M	NortheastEngland	R1b1a2a1a1	R-U106	0.310559	0.358543	0.330898
POBI733168	M	NortheastEngland	R1b1a2a1a1	R-U106	0.346325	0.602039	0.051635
POBI733169	M	NortheastEngland	R1a1a	R1a	0.378895	0.205352	0.415753
POBI733171	M	NortheastEngland	R1b1a2a1a1	R-U106	0.432989	0.495527	0.071483
POBI733174	M	NortheastEngland	R1b1a2a1a1	R-U106	0.483395	0.340197	0.176408
POBI733176	M	NortheastEngland	R1b1a2a1a1c2b1	R-U106	0.162798	0.606346	0.230857
POBI733183	M	NortheastEngland	I1	I1	0.136728	0.698804	0.164468
POBI733186	M	NortheastEngland	R1b1a2a1a1	R-U106	0.390407	0.444969	0.164624
POBI733187	M	NortheastEngland	J	J	0.394201	0.499241	0.106558
POBI733189	M	NortheastEngland	R1b1a2a1a1	R-U106	0.314139	0.513387	0.172473
POBI733190	M	NortheastEngland	R1b1a2a1a1c2a1	R-U106	0.373055	0.361142	0.265804
POBI733194	M	NortheastEngland	R1b1a2a1a1	R-U106	0.248197	0.640768	0.111035
POBI733198	M	Norfolk	E1b1	E	0.712377	0.017978	0.269645
POBI733199	M	Norfolk	R1b1a2a1a1	R-U106	0.527454	0.031716	0.44083
POBI733208	M	Norfolk	R1b1a2a1a1	R-U106	0.384223	0.105795	0.509983
POBI733209	M	Norfolk	I1	I1	0.154586	0.278868	0.566546
POBI733215	M	Norfolk	R1b1a2a1a1	R-U106	0.388895	0.1103	0.500805
POBI733218	M	Norfolk	I1	I1	0.462187	0.197347	0.340466
POBI733220	M	Norfolk	R1b1a2a1a1	R-U106	0.617483	0.00001	0.382507
POBI733224	M	Norfolk	I1	I1	0.332128	0.219601	0.448272
POBI733227	M	Norfolk	R1b1a2a1a1	R-U106	0.453384	0.336265	0.210351
POBI733228	M	Norfolk	R1b1a2a1a1	R-U106	0.480468	0.277876	0.241656
POBI733232	M	Norfolk	I2a1b1	I2a1b	0.425753	0.272434	0.301813
POBI733233	M	Norfolk	R1b1a2a1a1c2a1	R-U106	0.670395	0.00001	0.329595
POBI733234	M	Norfolk	G2a2b2a1a1a1	G	0.516994	0.289943	0.193063
POBI733250	M	Devon	I1	I1	0.44336	0.405442	0.151198
POBI733253	M	Devon	I1	I1	0.146362	0.363265	0.490373
POBI733262	M	Devon	I1	I1	0.262826	0.465304	0.27187
POBI733267	M	Devon	R1b1a2a1a1	R-U106	0.248793	0.463943	0.287264
POBI733280	M	Lancashire	I1	I1	0.475781	0.127556	0.396663
POBI733285	M	Lancashire	R1b1a2a1a2b	R-P312	0.37998	0.394497	0.225523
POBI733292	M	NorthWales	R1a1a	R1a	0.00001	0.99998	0.00001
POBI733294	M	NorthWales	R1b1a2a1a1	R-U106	0.00001	0.99998	0.00001
POBI733296	M	NorthWales	R1b1a2a1a2b	R-P312	0.00001	0.99998	0.00001
POBI733297	M	NorthWales	R1b1a2a1a2b	R-P312	0.00001	0.99998	0.00001
POBI733309	M	NorthWales	I2a1b1	I2a1b	0.00001	0.99998	0.00001
POBI733312	M	NorthWales	G2a2b	G	0.00001	0.99998	0.00001
POBI733346	M	ArgyleandBute	R1b1a2a1a1	R-U106	0.00001	0.99998	0.00001
POBI733350	M	BanffandBuchan	I2a1b1	I2a1b	0.00001	0.99998	0.00001
POBI733353	M	BanffandBuchan	E1b1	E	0.00001	0.99998	0.00001
POBI733359	M	Hampshire	I1	I1	0.431417	0.544893	0.02369
POBI733367	M	NortheastEngland	R1b1a2a1a2b	R-P312	0.290825	0.445961	0.263214
POBI733382	M	NorthPembrokeshire	R1a1a	R1a	0.00001	0.99998	0.00001
POBI733385	M	Northamptonshire	T	T	0.497038	0.228011	0.274951
POBI733391	M	Cumbria	R1b1a2a1a2b	R-P312	0.475783	0.475534	0.048683
POBI733392	M	Northamptonshire	R1b1a2a1a2b	R-P312	0.281962	0.352126	0.365912
POBI733396	M	Northamptonshire	R1b1a2a1a2b	R-P312	0.578112	0.294991	0.126898
POBI733403	M	Devon	E1b1b1b2a1a	E	0.229781	0.366394	0.403826
POBI733409	M	Suffolk	R1b1a2a1a1	R-U106	0.661224	0.151054	0.187722
POBI733410	M	Suffolk	R1b1a2a1a1	R-U106	0.559169	0.306956	0.133875
POBI733415	M	Devon	R1b1a2a1a1c2b1	R-U106	0.379349	0.452398	0.168253
POBI733416	M	Sussex	I1	I1	0.419615	0.158274	0.422112
POBI733420	M	Sussex	I2a1b2a	I2a1b	0.373644	0.398972	0.227384
POBI733423	M	Sussex	I2a1b1	I2a1b	0.589548	0.320339	0.090113
POBI733432	M	Sussex	I1	I1	0.419647	0.183798	0.396554
POBI733438	M	Worcestershire	J2a1	J	0.481457	0.233959	0.284583
POBI733446	M	BanffandBuchan	I2a1b2a	I2a1b	0.00001	0.99998	0.00001
POBI733447	M	BanffandBuchan	R1b1a2a1a2b	R-P312	0.00001	0.99998	0.00001
POBI733452	M	Cheshire	I1	I1	0.20998	0.583683	0.206337
POBI733460	M	Cornwall	I1	I1	0.221406	0.401019	0.377575
POBI733462	M	Cornwall	I1	I1	0.375623	0.509668	0.114709
POBI733463	M	Derbyshire	E1b1	E	0.499632	0.420054	0.080314
POBI733470	M	Cornwall	I2a1b1	I2a1b	0.193719	0.378734	0.427547
POBI733476	M	Cumbria	R1b1a2a1a2b	R-P312	0.464067	0.535923	0.00001
POBI733481	M	Dorset	R1b1a2a1a2b	R-P312	0.42739	0.154823	0.417787
POBI733495	M	Gloucestershire	G2a2b	G	0.446096	0.378056	0.175848
POBI733497	M	Gloucestershire	I1	I1	0.349191	0.366764	0.284045
POBI733509	M	Gloucestershire	R1b1a2a1a1	R-U106	0.42644	0.321025	0.252535
POBI733511	M	Yorkshire	I2a1b2a	I2a1b	0.439558	0.407165	0.153277
POBI733519	M	Lincolnshire	R1b1a2a1a2b	R-P312	0.527479	0.264189	0.208332
POBI733524	M	NorthernIreland	I2a1b1	I2a1b	0.00001	0.99998	0.00001
POBI733526	M	NorthernIreland	R1b1a2a1a2c1a1a1a1	R-P312	0.00001	0.99998	0.00001
POBI733527	M	NorthernIreland	I1	I1	0.00001	0.99998	0.00001
POBI733532	M	NorthernIreland	I2a1b1	I2a1b	0.00001	0.99998	0.00001
POBI733545	M	Suffolk	R1b1a2a1a2b	R-P312	0.429781	0.025204	0.545016
POBI733564	M	Lincolnshire	R1b1a2a1a1c2b1	R-U106	0.629521	0.161464	0.209016
POBI733567	M	NorthWales	R1b1a2a1a1	R-U106	0.00001	0.99998	0.00001
POBI733576	M	Oxfordshire	R1b1a2a1a1	R-U106	0.54801	0.410293	0.041698
POBI733578	M	Northamptonshire	R1b1a2a1a2b	R-P312	0.742317	0.133863	0.123819
POBI733581	M	Gloucestershire	I1	I1	0.298898	0.638966	0.062135
POBI733598	M	BanffandBuchan	R1b1a2a1a1	R-U106	0.00001	0.99998	0.00001
POBI733621	M	Norfolk	R1a1a	R1a	0.394613	0.235547	0.36984
POBI733630	M	Yorkshire	I2a1b1	I2a1b	0.494806	0.312603	0.192591
POBI733653	M	Cornwall	R1b1a2a1a1	R-U106	0.134712	0.552076	0.313212
POBI733655	M	Cornwall	J2b2	J	0.001267	0.657076	0.341657
POBI733656	M	Oxfordshire	I2a1b1	I2a1b	0.641964	0.020468	0.337568
POBI733662	M	Norfolk	R1a1a	R1a	0.351033	0.344408	0.30456
POBI733663	M	Kent	R1b1a2a1a2b	R-P312	0.243501	0.311496	0.445003
POBI733681	M	Yorkshire	R1a1a	R1a	0.710188	0.191144	0.098668
POBI733684	M	Devon	R1b1a2a1a1	R-U106	0.422214	0.331414	0.246372
POBI733690	M	Cornwall	R1b1a2a1a1	R-U106	0.248851	0.45874	0.292409
POBI733706	M	Lancashire	R1a1a	R1a	0.549588	0.450402	0.00001
POBI733707	M	Yorkshire	R1a1a	R1a	0.461961	0.376061	0.161978
POBI733710	M	Devon	R1b1a2a1a1	R-U106	0.522443	0.274998	0.202559
POBI733729	M	NorthWales	R1b1a2a1a2d	R-P312	0.00001	0.99998	0.00001
POBI733731	M	Norfolk	I1	I1	0.503279	0.135951	0.36077
POBI733734	M	Yorkshire	R1b1a2a1a2b	R-P312	0.308315	0.462762	0.228923
POBI733738	M	ForestofDean	R1b1a2a1a1c2a1	R-U106	0.443271	0.349056	0.207674
POBI733748	M	Kent	R1b1a2a1a1	R-U106	0.409572	0.320775	0.269653
POBI733750	M	Kent	R1a1a	R1a	0.041887	0.542102	0.416011
POBI733753	M	Cumbria	R1b1a2a1a1	R-U106	0.600953	0.333612	0.065436
POBI733754	M	Yorkshire	I2a1b1	I2a1b	0.628137	0.212368	0.159495
POBI733755	M	Devon	R1a1a	R1a	0.311809	0.50406	0.184131
POBI733761	M	Suffolk	I1	I1	0.350947	0.211588	0.437465
POBI733765	M	Yorkshire	J2a1	J	0.489058	0.33397	0.176972
POBI733771	M	Yorkshire	I1	I1	0.410555	0.307062	0.282382
POBI733772	M	Devon	I1	I1	0.498119	0.169251	0.33263
POBI733773	M	Norfolk	R1b1a2a1a1	R-U106	0.777454	0.108969	0.113576
POBI733775	M	Yorkshire	R1b1a2a1a1	R-U106	0.695246	0.304744	0.00001
POBI733777	M	Suffolk	R1b1a2a1a2b	R-P312	0.470396	0.269712	0.259893
POBI733783	M	Cumbria	I2a1b2a	I2a1b	0.739155	0.233263	0.027582
POBI733785	M	Kent	I2a1b1	I2a1b	0.489825	0.412995	0.097181
POBI733792	M	Cornwall	I1	I1	0.036018	0.671899	0.292083
POBI733794	M	Kent	R1a1a	R1a	0.302368	0.590797	0.106835
POBI733797	M	Sussex	I2a1b1	I2a1b	0.576096	0.118547	0.305358
POBI733806	M	Suffolk	R1b1a2a1a2b	R-P312	0.573855	0.097885	0.32826
POBI733810	M	Norfolk	I2	I2	0.492135	0.042308	0.465557
POBI733842	M	Cornwall	R1b1a2a1a2b	R-P312	0.408161	0.315594	0.276245
POBI733913	M	NorthPembrokeshire	R1b1a2a1a1	R-U106	0.00001	0.99998	0.00001
